           00 05 05 00 00 00 00 00 00
           0E 05 05 3B 00 3E 00 32 00
           10 05 05 3B 36 3E 3B 36 2E
           12 05 05 3B 36 3E 3B 3A 32
           15 04 04 3E 36 3E 3B 3E 36
           17 04 04 44 3A 3E 3B 7F 3A
           1A 03 04 48 40 3E 3B 7F 7F
           1D 03 04 4E 44 44 3B 7F 7F
           22 02 04 52 48 4A 40 7F 7F
           26 02 04 55 4E 4E 44 7F 7F
           2A 02 04 5A 52 50 4A 7F 7F
           2D 02 04 7F 55 7F 4E 7F 7F
0xDF00   | 00 00 05 05 43 00 35 00 28 00 00 00 00 00 00 00 
0xDF10   | 11 11 05 05 43 3F 35 32 2D 23 00 00 00 00 00 00 
0xDF20   | 13 13 05 05 43 3F 35 32 32 28 00 00 00 00 00 00 
0xDF30   | 15 15 05 05 43 3F 35 32 7F 2D 00 00 00 00 00 00 
0xDF40   | 17 16 02 02 48 3F 38 32 7F 7F 00 00 00 00 00 00 
0xDF50   | 19 1B 02 02 4D 43 3B 35 7F 7F 00 00 00 00 00 00 
0xDF60   | 1D 1D 02 02 50 48 41 38 7F 7F 00 00 00 00 00 00 
0xDF70   | 22 23 02 02 54 4D 44 3E 7F 7F 00 00 00 00 00 00 
0xDF80   | 25 25 02 02 58 50 4B 41 7F 7F 00 00 00 00 00 00 
0xDF90   | 2C 2E 02 02 5B 54 55 45 7F 7F 00 00 00 00 00 00 
0xDFA0   | 36 36 02 02 7F 58 7F 51 7F 7F 00 00 00 00 00 00 

           00  5  5  80  0  80  0  60  0
           14  5  5 127 50 127 50 127 45
           
           00 05 05  50 00  50 00  3C 00
           0E 05 05  7F 32  7F 32  7F 2D